0.136564828178	0.0488833264808
0.252580008256	0.112199002721
0.399669075194	0.175774458934
0.559355621897	0.216478906093
0.720286957309	0.257500653614
0.880989796337	0.298464157931
1.04167095029	0.339422135697
1.20236647926	0.380383778709
1.36306309255	0.421345699137
1.52376025109	0.462307759571
1.68445747997	0.503269838959
1.84515468936	0.544231914398
2.0058518985	0.585193990796
2.16654911382	0.62615606979
2.32724632889	0.667118149742
2.48794352446	0.708080225747
2.64864071979	0.74904230271
2.79581491256	0.818612148918
2.91858216749	0.927697583084
3.04976708276	1.02947096248
3.19587136722	1.10896772278
3.34121320493	1.18804962954
3.48697076806	1.26735773766
3.63240862032	1.34649188912
3.75818047126	1.45038213555
3.85136108359	1.58803028507
3.98058461554	1.69364291302
4.10908072942	1.79866103339
4.23746614013	1.90358867886
4.36586831354	2.00853002553
4.49427415282	2.11347436955
4.62268032478	2.21841898674
4.75108647561	2.32336358794
4.87949260018	2.42830816895
5.00789872411	2.53325275073
5.13630484742	2.63819733327
5.26471097011	2.74314191658
5.39311709216	2.84808650065
5.52152321359	2.9530310855
5.6499293344	3.0579756711
5.77833545458	3.16292025748
5.90674157413	3.26786484462
6.03514769306	3.37280943253
6.19486879893	3.41704162675
6.34833233887	3.47143846685
6.49473572905	3.55141605077
6.649486602	3.60048140573
6.81696372791	3.60422743288
6.98383764957	3.58693549655
7.15013269965	3.61829692966
7.31169919285	3.64876660953
7.47450581474	3.67947016515
7.63746129434	3.71020179472
7.79890321044	3.67263377348
7.95526529446	3.61501847669
8.11587207714	3.56784477784
8.27994139882	3.54706072293
8.43476463073	3.49613210126
8.57251020371	3.40119350248
8.71477977903	3.31668171854
8.87032427025	3.25526761977
8.98646010082	3.13783113645
9.08737145176	3.00672313564
9.17220283882	2.86247082152
9.23851376757	2.7082459146
9.31398700036	2.56049696666
9.41221751787	2.42653934198
9.51047930012	2.29253908304
9.60855585712	2.1587914187
9.64435114195	1.9969678039
9.65985494627	1.8313943134
9.72263480603	1.67595035149
9.78426700818	1.52334801125
9.84631372376	1.36971933164
9.84120688154	1.20504824791
9.84713335732	1.03944844879
9.87991799678	0.875267767647
9.91238292835	0.712688141948
9.94484786867	0.550108477475
9.97732043554	0.387490625414
9.97815194489	0.224704077718
9.93243002715	0.06570236661
9.93426601898	-0.101824346097
9.93608510365	-0.267808258679
9.9379026186	-0.433648850551
9.93971992269	-0.5994701118
9.94153727386	-0.765295578224
9.9433546308	-0.931121481712
9.91404610201	-1.0912502585
9.87011502275	-1.24860733876
9.85157588301	-1.41261513542
9.83293400112	-1.57753185644
9.81430568049	-1.74232861566
9.79567842608	-1.90711595124
9.77705138913	-2.07190137192
9.75842427357	-2.23668749685
9.73979714113	-2.40147377983
9.72117000968	-2.56626006293
9.70254287773	-2.7310463593
9.68391574676	-2.89583265577
9.66528861677	-3.06061895237
9.64666148777	-3.22540524907
9.6280343605	-3.3901915393
9.60940723346	-3.55497783622
9.59078010741	-3.71976413326
9.57215298308	-3.88455042382
9.55352586049	-4.04933670792
9.53489873813	-4.21412299871
9.51627161676	-4.37890928961
9.49764449562	-4.5436955872
9.47901737622	-4.70848187832
9.46039025854	-4.87326816297
9.4417631411	-5.03805445431
9.4231360239	-5.20284075235
9.40450890843	-5.36762704391
9.38588179245	-5.53241334875
9.3672546782	-5.69719964712
9.34862756568	-5.86198593902
9.33000045415	-6.02677223103
9.31137334359	-6.19155852316
9.29274623402	-6.35634481539
9.27411912469	-6.52113111431
9.25549201709	-6.68591740677
9.23686490972	-6.85070370592
9.21823780335	-7.01549000518
9.19961069721	-7.18027631113
9.18098359354	-7.34506260403
9.16235649085	-7.50984889704
9.14372938766	-7.67463520332
9.1251022862	-7.83942150314
9.10647518572	-8.00420780306
9.05766124545	-8.15950563424
8.96530254475	-8.29751704988
8.85565508727	-8.42393144389
8.78582097246	-8.578399481
8.71745137984	-8.72962810284
8.62330865948	-8.86246362401
8.49278079789	-8.9656471179
8.36848285679	-9.07823256301
8.26348626467	-9.2094272381
8.15992492023	-9.33882855323
8.01433059542	-9.414833675
7.8558869725	-9.47394695247
7.7211464741	-9.57552759944
7.58889810938	-9.67522943203
7.45653033064	-9.77502129192
7.29520611263	-9.81295823379
7.13974243125	-9.86130025364
6.99147581089	-9.93490686027
6.84356377995	-10.0083374329
6.69508970787	-10.0820470307
6.53815484248	-10.1252756882
6.37273645347	-10.1225794984
6.21050904024	-10.1682931358
6.05097733613	-10.2132471573
5.89138413119	-10.2582185101
5.72915553554	-10.2716603813
5.56400567582	-10.2701716884
5.39797185325	-10.2953391447
5.2343717499	-10.3201376982
5.07046070463	-10.3449833853
4.90650765447	-10.3698354405
4.74254833807	-10.3946884466
4.57858568892	-10.4195419589
4.41462289587	-10.4443954939
4.25066009641	-10.469249031
4.08801171051	-10.4624869274
3.92675131838	-10.4404734163
3.76003239539	-10.4448405892
3.59396809102	-10.4491906153
3.42820558069	-10.4535327371
3.26242325532	-10.4578753788
3.0966437503	-10.4622179477
2.93086501989	-10.4665604973
2.76508617697	-10.4709030508
2.59930732083	-10.4752456057
2.43352846471	-10.4795881616
2.26774960863	-10.4839307184
2.10197075256	-10.4882732762
1.93619189653	-10.492615835
1.77041304052	-10.4969583948
1.60463418453	-10.5013009556
1.43885532195	-10.5056435176
1.27307647264	-10.5099860802
1.10729761011	-10.5143286441
0.941518754234	-10.5186712089
0.775739898379	-10.5230137746
0.60996104255	-10.5273563414
0.444182186747	-10.5316989091
0.278403330971	-10.5360414778
0.112624468599	-10.5403840477
-0.0531543871262	-10.5447266184
-0.218933236205	-10.5490691899
-0.384712098499	-10.5534117627
-0.550490947526	-10.5577543362
-0.716269803147	-10.5620969109
-0.882048658743	-10.5664394865
-1.04782752093	-10.5707820633
-1.21360637648	-10.5751246409
-1.37938523199	-10.5794672195
-1.54516408749	-10.5838097991
-1.71094294295	-10.5881523797
-1.87672179839	-10.5924949613
-2.04250066043	-10.596837544
-2.20827951581	-10.6011801276
-2.3740583778	-10.6055227123
-2.53983723313	-10.6098652979
-2.70561609506	-10.6142078846
-2.87139495697	-10.6185504722
-3.03717381223	-10.6228930607
-3.20295267408	-10.6272356504
-3.36873152267	-10.6315782407
-3.53451038447	-10.6359208324
-3.70028923962	-10.6402634248
-3.86606810137	-10.6446060185
-4.03184694986	-10.6489486127
-4.18522862114	-10.5861073322
-4.33149163067	-10.5036211831
-4.46639556506	-10.4033045262
-4.62528983546	-10.3453140164
-4.78056823194	-10.2886431675
-4.93629404346	-10.2318090297
-5.07575969146	-10.1478417206
-5.18697164438	-10.0270147126
-5.2831863677	-9.89243184392
-5.38866966232	-9.7642047034
-5.5142035896	-9.65363643768
-5.63873633696	-9.54394999646
-5.70778436053	-9.39495296615
-5.78737520098	-9.24960868309
-5.89021649051	-9.11773734533
-5.99234248908	-8.98678321256
-6.09433666189	-8.85599811895
-6.16810002587	-8.71091882181
-6.19867213073	-8.54769639669
-6.27633585593	-8.39696250987
-6.35206364968	-8.24998598391
-6.42795781314	-8.10268656094
-6.43797061843	-7.93882511663
-6.49570210372	-7.78198867312
-6.5528618447	-7.62670546374
-6.57903250187	-7.46580236356
-6.55861976243	-7.30228093195
-6.58677435604	-7.13540248283
-6.61444413096	-6.97139766645
-6.57374809272	-6.8106194901
-6.51249076795	-6.65392871928
-6.49861259015	-6.48768119946
-6.48479009442	-6.32210068656
-6.47099402568	-6.15683673213
-6.4218581489	-6.00228257093
-6.39917012413	-5.84734231483
-6.38134526563	-5.72561341724
-6.36657298453	-5.62473107098
-6.34987961674	-5.51072930338
-6.33419111915	-5.40358995726
